          0.14279966607226           1.90946750370321 
          0.28559933214453           0.42254579739094 
          0.42839899821679           0.29285541573624 
          0.57119866428905           0.10620353015253 
          0.71399833036132           0.10371258102371 
          0.85679799643358           0.01985269165292 
          0.99959766250584           0.03369696053034 
          1.14239732857811           0.02135826699502 
          1.28519699465037           0.01619969571811 
          1.42799666072263           0.01442820210672 
          1.57079632679490           0.01519919758332 
          1.71359599286716           0.01044243577533 
          1.85639565893942           0.00705482997883 
          1.99919532501169           0.00410032449923 
          2.14199499108395           0.00598159329415 
          2.28479465715621           0.00335717603454 
          2.42759432322848           0.00558845658986 
          2.57039398930074           0.00338494008019 
          2.71319365537300           0.00276938693034 
          2.85599332144527           0.00311373332051 
          2.99879298751753           0.00239659502475 
          3.14159265358979           0.00194263805915 
          3.28439231966206           0.00152276572213 
          3.42719198573432           0.00153592303748 
          3.56999165180658           0.00142191951605 
          3.71279131787885           0.00091356031826 
          3.85559098395111           0.00102089284962 
          3.99839065002337           0.00063623637776 
          4.14119031609564           0.00084314863569 
          4.28398998216790           0.00069507676958 
          4.42678964824016           0.00055194458125 
          4.56958931431243           0.00033700665236 
          4.71238898038469           0.00039740024749 
          4.85518864645695           0.00032866972345 
          4.99798831252922           0.00022331631988 
          5.14078797860148           0.00016843959531 
          5.28358764467374           0.00014064239719 
          5.42638731074601           0.00009868167868 
          5.56918697681827           0.00012642458345 
          5.71198664289053           0.00008586580830 
          5.85478630896280           0.00007536800939 
          5.99758597503506           0.00007507360834 
          6.14038564110732           0.00006738102943 
          6.28318530717959           0.00005404358218 
          6.42598497325185           0.00005812300349 
          6.56878463932411           0.00004695278759 
          6.71158430539638           0.00004608375359 
          6.85438397146864           0.00003048857082 
          6.99718363754090           0.00003619296937 
          7.13998330361317           0.00004155982017 
          7.28278296968543           0.00002906208759 
          7.42558263575769           0.00002772416265 
          7.56838230182996           0.00002802231416 
          7.71118196790222           0.00002262090792 
          7.85398163397448           0.00002152772551 
          7.99678130004675           0.00002434595029 
          8.13958096611901           0.00002756492317 
          8.28238063219127           0.00001617958781 
          8.42518029826354           0.00001952590581 
          8.56797996433580           0.00001691184984 
          8.71077963040806           0.00001896861566 
          8.85357929648033           0.00001600061837 
          8.99637896255259           0.00001475266810 
          9.13917862862485           0.00002289005762 
          9.28197829469712           0.00001461874376 
          9.42477796076938           0.00001786531878 
          9.56757762684164           0.00002249301442 
          9.71037729291391           0.00001699655747 
          9.85317695898617           0.00001700786543 
          9.99597662505843           0.00001334681048 
         10.13877629113070           0.00001098521372 
         10.28157595720296           0.00001047895253 
         10.42437562327522           0.00001053613155 
         10.56717528934749           0.00000977343127 
         10.70997495541975           0.00001252848737 
         10.85277462149201           0.00001069469274 
         10.99557428756428           0.00000917157029 
         11.13837395363654           0.00000843263902 
         11.28117361970880           0.00000811145764 
         11.42397328578107           0.00000694297635 
         11.56677295185333           0.00000828004926 
         11.70957261792559           0.00000735131461 
         11.85237228399786           0.00000701552279 
         11.99517195007012           0.00000644400789 
         12.13797161614238           0.00000703157437 
         12.28077128221465           0.00000617157653 
         12.42357094828691           0.00000564504629 
         12.56637061435917           0.00000467894604 
         12.70917028043144           0.00000510416775 
         12.85196994650370           0.00000598966072 
         12.99476961257596           0.00000531611044 
         13.13756927864823           0.00000472422588 
         13.28036894472049           0.00000472496449 
         13.42316861079275           0.00000375047114 
         13.56596827686502           0.00000404281573 
         13.70876794293728           0.00000400771674 
         13.85156760900954           0.00000389147313 
         13.99436727508180           0.00000357502339 
         14.13716694115407           0.00000315362751 
         14.27996660722633           0.00000347307779 
         14.42276627329860           0.00000294377953 
         14.56556593937086           0.00000393260641 
         14.70836560544312           0.00000364572960 
         14.85116527151539           0.00000343317444 
         14.99396493758765           0.00000278532698 
         15.13676460365991           0.00000237377489 
         15.27956426973217           0.00000252761095 
         15.42236393580444           0.00000298487783 
         15.56516360187670           0.00000325562202 
         15.70796326794897           0.00000319765507 
         15.85076293402123           0.00000218938842 
         15.99356260009349           0.00000219602743 
         16.13636226616575           0.00000195548391 
         16.27916193223802           0.00000200742893 
         16.42196159831028           0.00000215977853 
         16.56476126438255           0.00000197286070 
         16.70756093045481           0.00000183368124 
         16.85036059652707           0.00000174678594 
         16.99316026259934           0.00000151499374 
         17.13595992867160           0.00000130304508 
         17.27875959474386           0.00000191681128 
         17.42155926081612           0.00000184069363 
         17.56435892688839           0.00000184122649 
         17.70715859296065           0.00000183392357 
         17.84995825903291           0.00000146449476 
         17.99275792510518           0.00000186647980 
         18.13555759117744           0.00000148766602 
         18.27835725724971           0.00000139315717 
         18.42115692332197           0.00000112730441 
         18.56395658939423           0.00000124033885 
         18.70675625546650           0.00000160311303 
         18.84955592153876           0.00000133727677 
         18.99235558761102           0.00000123906107 
         19.13515525368328           0.00000137893881 
         19.27795491975555           0.00000136797274 
         19.42075458582781           0.00000134911642 
         19.56355425190008           0.00000102113342 
         19.70635391797234           0.00000092608894 
         19.84915358404460           0.00000097522415 
         19.99195325011686           0.00000112381454 
         20.13475291618913           0.00000100222428 
         20.27755258226139           0.00000102284282 
         20.42035224833366           0.00000135144494 
         20.56315191440592           0.00000097121208 
         20.70595158047818           0.00000082310122 
         20.84875124655045           0.00000086790759 
         20.99155091262271           0.00000087605911 
         21.13435057869497           0.00000081333775 
         21.27715024476723           0.00000094253608 
         21.41994991083950           0.00000096439361 
         21.56274957691176           0.00000072090130 
         21.70554924298402           0.00000064305040 
         21.84834890905629           0.00000069240967 
         21.99114857512855           0.00000069492807 
         22.13394824120082           0.00000060630195 
         22.27674790727308           0.00000080973725 
         22.41954757334534           0.00000074779259 
         22.56234723941760           0.00000076473224 
         22.70514690548987           0.00000077683661 
         22.84794657156213           0.00000072765930 
         22.99074623763439           0.00000078998775 
         23.13354590370666           0.00000069708351 
         23.27634556977892           0.00000052107894 
         23.41914523585118           0.00000052453715 
         23.56194490192345           0.00000053819382 
         23.70474456799571           0.00000063605214 
         23.84754423406798           0.00000067126096 
         23.99034390014024           0.00000065423008 
         24.13314356621250           0.00000063044724 
         24.27594323228476           0.00000050687280 
         24.41874289835703           0.00000054811544 
         24.56154256442929           0.00000050306009 
         24.70434223050155           0.00000042518012 
         24.84714189657382           0.00000055257632 
         24.98994156264608           0.00000058020227 
         25.13274122871834           0.00000055252617 
         25.27554089479061           0.00000044086313 
         25.41834056086287           0.00000047039200 
         25.56114022693514           0.00000048791901 
         25.70393989300740           0.00000054553533 
         25.84673955907966           0.00000046121425 
         25.98953922515193           0.00000045824803 
         26.13233889122419           0.00000060638367 
         26.27513855729645           0.00000050933807 
         26.41793822336871           0.00000033894608 
         26.56073788944098           0.00000036990232 
         26.70353755551324           0.00000043020271 
         26.84633722158551           0.00000041414523 
         26.98913688765777           0.00000037691585 
         27.13193655373003           0.00000038680813 
         27.27473621980230           0.00000036775956 
         27.41753588587456           0.00000036798893 
         27.56033555194682           0.00000040361095 
         27.70313521801909           0.00000045696832 
         27.84593488409135           0.00000048497613 
         27.98873455016361           0.00000042029180 
         28.13153421623587           0.00000036962436 
         28.27433388230814           0.00000029602430 
         28.41713354838040           0.00000035975409 
         28.55993321445267           0.00000046161630 
         28.70273288052493           0.00000041512571 
         28.84553254659719           0.00000040149817 
         28.98833221266946           0.00000030704735 
         29.13113187874172           0.00000030774563 
         29.27393154481398           0.00000029606920 
         29.41673121088624           0.00000039283860 
         29.55953087695850           0.00000033014831 
         29.70233054303077           0.00000032427641 
         29.84513020910304           0.00000036001658 
         29.98792987517530           0.00000025867585 
         30.13072954124756           0.00000023372624 
         30.27352920731983           0.00000025229613 
         30.41632887339209           0.00000029064503 
         30.55912853946435           0.00000028682850 
         30.70192820553661           0.00000034088094 
         30.84472787160888           0.00000032467854 
         30.98752753768114           0.00000032698004 
         31.13032720375340           0.00000030102652 
         31.27312686982567           0.00000025658172 
         31.41592653589793           0.00000023383357 
         31.55872620197020           0.00000024935832 
         31.70152586804246           0.00000023384856 
         31.84432553411472           0.00000021550690 
         31.98712520018698           0.00000024204297 
         32.12992486625924           0.00000021273390 
         32.27272453233151           0.00000027190345 
         32.41552419840377           0.00000030186268 
         32.55832386447604           0.00000028480923 
         32.70112353054830           0.00000025541570 
         32.84392319662057           0.00000021213909 
         32.98672286269283           0.00000019345824 
         33.12952252876509           0.00000017406754 
         33.27232219483736           0.00000017994442 
         33.41512186090961           0.00000023678819 
         33.55792152698188           0.00000027311722 
         33.70072119305414           0.00000022149972 
         33.84352085912641           0.00000017119429 
         33.98632052519867           0.00000019880028 
         34.12912019127094           0.00000022139206 
         34.27191985734319           0.00000021407066 
         34.41471952341546           0.00000019523536 
         34.55751918948773           0.00000024198587 
         34.70031885555999           0.00000020883416 
         34.84311852163225           0.00000016191717 
         34.98591818770451           0.00000016081580 
         35.12871785377678           0.00000015141360 
         35.27151751984904           0.00000019092887 
         35.41431718592131           0.00000018749537 
         35.55711685199356           0.00000021756339 
         35.69991651806583           0.00000020398280 
         35.84271618413810           0.00000017280980 
         35.98551585021036           0.00000019584226 
         36.12831551628262           0.00000017550395 
         36.27111518235488           0.00000015432529 
         36.41391484842715           0.00000016444700 
         36.55671451449941           0.00000016307284 
         36.69951418057168           0.00000015020911 
         36.84231384664394           0.00000011597128 
         36.98511351271620           0.00000015536633 
         37.12791317878846           0.00000017815539 
         37.27071284486072           0.00000017213951 
         37.41351251093300           0.00000017281531 
         37.55631217700525           0.00000016303836 
         37.69911184307752           0.00000015173995 
         37.84191150914978           0.00000014181761 
         37.98471117522205           0.00000012393559 
         38.12751084129431           0.00000014154019 
         38.27031050736657           0.00000015795451 
         38.41311017343883           0.00000015080709 
         38.55590983951110           0.00000012014275 
         38.69870950558336           0.00000013464130 
         38.84150917165562           0.00000012568698 
         38.98430883772789           0.00000013794579 
         39.12710850380015           0.00000015996088 
         39.26990816987242           0.00000018316563 
         39.41270783594468           0.00000015162319 
         39.55550750201694           0.00000012128855 
         39.69830716808920           0.00000013061918 
         39.84110683416147           0.00000010570509 
         39.98390650023373           0.00000009458498 
         40.12670616630599           0.00000009944650 
         40.26950583237826           0.00000013575013 
         40.41230549845052           0.00000014662870 
         40.55510516452279           0.00000012762538 
         40.69790483059505           0.00000012431235 
         40.84070449666731           0.00000015832932 
         40.98350416273957           0.00000015843187 
         41.12630382881184           0.00000010981130 
         41.26910349488410           0.00000011155452 
         41.41190316095636           0.00000011671122 
         41.55470282702863           0.00000011086481 
         41.69750249310089           0.00000009674490 
         41.84030215917315           0.00000010575079 
         41.98310182524542           0.00000012620695 
         42.12590149131768           0.00000013218136 
         42.26870115738995           0.00000011535311 
         42.41150082346221           0.00000011718610 
         42.55430048953447           0.00000011732459 
         42.69710015560673           0.00000009967193 
         42.83989982167900           0.00000010695002 
         42.98269948775126           0.00000011240106 
         43.12549915382352           0.00000010270684 
         43.26829881989578           0.00000009072449 
         43.41109848596805           0.00000010121958 
         43.55389815204032           0.00000009498820 
         43.69669781811258           0.00000009241913 
         43.83949748418484           0.00000011546118 
         43.98229715025710           0.00000015420442 
         44.12509681632937           0.00000014013941 
         44.26789648240163           0.00000010106466 
         44.41069614847390           0.00000009815345 
         44.55349581454615           0.00000009549804 
         44.69629548061842           0.00000009594011 
         44.83909514669068           0.00000007948199 
         44.98189481276295           0.00000008679813 
         45.12469447883521           0.00000010702670 
         45.26749414490747           0.00000009486055 
         45.41029381097974           0.00000009626401 
         45.55309347705200           0.00000011692852 
         45.69589314312427           0.00000011579365 
         45.83869280919652           0.00000011415485 
         45.98149247526879           0.00000009242023 
         46.12429214134105           0.00000008246240 
         46.26709180741332           0.00000009439315 
         46.40989147348558           0.00000008067202 
         46.55269113955784           0.00000009285718 
         46.69549080563011           0.00000011268835 
         46.83829047170236           0.00000009071726 
         46.98109013777464           0.00000008603805 
         47.12388980384689           0.00000009188678 
         47.26668946991916           0.00000008831818 
         47.40948913599143           0.00000007808559 
         47.55228880206369           0.00000009871094 
         47.69508846813596           0.00000010022561 
         47.83788813420821           0.00000009086969 
         47.98068780028048           0.00000007055832 
         48.12348746635273           0.00000007118784 
         48.26628713242501           0.00000008329400 
         48.40908679849726           0.00000007292374 
         48.55188646456953           0.00000006921721 
         48.69468613064179           0.00000007937721 
         48.83748579671406           0.00000009649905 
         48.98028546278633           0.00000007768030 
         49.12308512885858           0.00000006595978 
         49.26588479493085           0.00000008477808 
         49.40868446100311           0.00000008687607 
         49.55148412707538           0.00000007608944 
         49.69428379314763           0.00000007367176 
         49.83708345921990           0.00000007236809 
         49.97988312529216           0.00000007611078 
         50.12268279136443           0.00000008694713 
         50.26548245743668           0.00000008076425 
         50.40828212350895           0.00000008905834 
         50.55108178958122           0.00000008704241 
         50.69388145565348           0.00000007518080 
         50.83668112172575           0.00000007688888 
         50.97948078779800           0.00000005868756 
         51.12228045387027           0.00000006076074 
         51.26508011994253           0.00000007402255 
         51.40787978601480           0.00000007467207 
         51.55067945208705           0.00000007689048 
         51.69347911815932           0.00000006537066 
         51.83627878423159           0.00000006327745 
         51.97907845030385           0.00000006086975 
         52.12187811637612           0.00000006287036 
         52.26467778244837           0.00000007742178 
         52.40747744852064           0.00000008355586 
         52.55027711459290           0.00000007557334 
         52.69307678066517           0.00000006264726 
         52.83587644673742           0.00000005207635 
         52.97867611280969           0.00000005526680 
         53.12147577888195           0.00000006049186 
         53.26427544495422           0.00000006676866 
         53.40707511102649           0.00000007219219 
         53.54987477709874           0.00000006511090 
         53.69267444317101           0.00000006718176 
         53.83547410924327           0.00000006610031 
         53.97827377531554           0.00000007183647 
         54.12107344138780           0.00000006492277 
         54.26387310746006           0.00000006812379 
         54.40667277353232           0.00000005689271 
         54.54947243960459           0.00000006014011 
         54.69227210567685           0.00000005552903 
         54.83507177174911           0.00000004989865 
         54.97787143782138           0.00000005683039 
         55.12067110389364           0.00000006507578 
         55.26347076996591           0.00000006098122 
         55.40627043603817           0.00000005798471 
         55.54907010211043           0.00000006020467 
         55.69186976818269           0.00000006116174 
         55.83466943425496           0.00000006629126 
         55.97746910032722           0.00000007204444 
         56.12026876639948           0.00000006811486 
         56.26306843247175           0.00000006864252 
         56.40586809854401           0.00000006699785 
         56.54866776461628           0.00000004912490 
         56.69146743068854           0.00000004259483 
         56.83426709676080           0.00000004772161 
         56.97706676283306           0.00000005379540 
         57.11986642890533           0.00000006037794 
         57.26266609497759           0.00000005992720 
         57.40546576104986           0.00000006415339 
         57.54826542712212           0.00000006022423 
         57.69106509319438           0.00000005614008 
         57.83386475926664           0.00000004869600 
         57.97666442533891           0.00000004789408 
         58.11946409141117           0.00000005663351 
         58.26226375748343           0.00000005490246 
         58.40506342355570           0.00000004753407 
         58.54786308962796           0.00000004562568 
         58.69066275570023           0.00000005258595 
         58.83346242177249           0.00000005411805 
         58.97626208784475           0.00000005549002 
         59.11906175391701           0.00000006022073 
         59.26186141998928           0.00000006293730 
         59.40466108606154           0.00000006072436 
         59.54746075213381           0.00000004637437 
         59.69026041820607           0.00000004919450 
         59.83306008427833           0.00000004902132 
         59.97585975035060           0.00000004772565 
         60.11865941642286           0.00000005159337 
         60.26145908249512           0.00000004612667 
         60.40425874856738           0.00000004954481 
         60.54705841463965           0.00000004939745 
         60.68985808071191           0.00000005494661 
         60.83265774678418           0.00000006512993 
         60.97545741285644           0.00000006415167 
         61.11825707892870           0.00000005477933 
         61.26105674500097           0.00000005304403 
         61.40385641107323           0.00000004301716 
         61.54665607714549           0.00000003660422 
         61.68945574321776           0.00000004061829 
         61.83225540929002           0.00000004989781 
         61.97505507536228           0.00000005407427 
         62.11785474143455           0.00000005690188 
         62.26065440750681           0.00000005707577 
         62.40345407357907           0.00000005823036 
         62.54625373965134           0.00000005511918 
         62.68905340572360           0.00000004686013 
         62.83185307179587           0.00000004258947 
         62.97465273786813           0.00000004704003 
         63.11745240394039           0.00000004158851 
         63.26025207001265           0.00000003989070 
         63.40305173608492           0.00000004352685 
         63.54585140215718           0.00000004721065 
         63.68865106822944           0.00000004754703 
         63.83145073430170           0.00000005240380 
         63.97425040037397           0.00000005325786 
         64.11705006644624           0.00000004784195 
         64.25984973251849           0.00000004838013 
         64.40264939859077           0.00000004658331 
         64.54544906466302           0.00000004348494 
         64.68824873073528           0.00000004679846 
         64.83104839680755           0.00000004998885 
         64.97384806287981           0.00000004446710 
         65.11664772895207           0.00000004415149 
         65.25944739502434           0.00000004283208 
         65.40224706109660           0.00000004743346 
         65.54504672716887           0.00000005135090 
         65.68784639324113           0.00000004936855 
         65.83064605931339           0.00000004603733 
         65.97344572538566           0.00000004356509 
         66.11624539145792           0.00000004164217 
         66.25904505753019           0.00000003627660 
         66.40184472360244           0.00000003753310 
         66.54464438967472           0.00000004329295 
         66.68744405574697           0.00000005371205 
         66.83024372181923           0.00000004780521 
         66.97304338789149           0.00000004592292 
         67.11584305396376           0.00000004531406 
         67.25864272003604           0.00000004716098 
         67.40144238610829           0.00000004842051 
         67.54424205218055           0.00000004054640 
         67.68704171825281           0.00000003862131 
         67.82984138432508           0.00000004158604 
         67.97264105039734           0.00000003979644 
         68.11544071646961           0.00000004324003 
         68.25824038254187           0.00000004340513 
         68.40104004861414           0.00000004779127 
         68.54383971468638           0.00000004351303 
         68.68663938075866           0.00000003866937 
         68.82943904683093           0.00000004345142 
         68.97223871290318           0.00000003861819 
         69.11503837897546           0.00000004286423 
         69.25783804504771           0.00000004795991 
         69.40063771111998           0.00000004292574 
         69.54343737719223           0.00000004031946 
         69.68623704326450           0.00000003992087 
         69.82903670933676           0.00000004045279 
         69.97183637540903           0.00000004173090 
         70.11463604148129           0.00000004038233 
         70.25743570755355           0.00000004105949 
         70.40023537362582           0.00000004821748 
         70.54303503969808           0.00000004733439 
         70.68583470577035           0.00000004037937 
         70.82863437184261           0.00000003720299 
         70.97143403791488           0.00000003628640 
         71.11423370398713           0.00000004264219 
